-0.49186199999977365,0.039999822104187066,0.344001815574379
-0.4915070115092979,0.03999982210445729,0.35910756157714374
-0.4888764066945223,0.03999982210508593,0.39425955553040176
-0.479679427069312,0.03999982210606314,0.4488663688347623
-0.46185837898415494,0.03999982210714407,0.5092071962500021
-0.4364805691789775,0.039999822108176646,0.5667795157928958
-0.4039612203071086,0.03999982210914391,0.6206413497485486
-0.3648324023315558,0.03999982211003018,0.6699114300409709
-0.3197343269864687,0.03999982211082082,0.7137836172263564
-0.26940487286159825,0.039999822111502915,0.7515400902585385
-0.21466751249656932,0.039999822112065285,0.7825630912204042
-0.15641783901752868,0.03999982211249883,0.8063450328581637
-0.09560891276252387,0.039999822112796346,0.8224968035426086
-0.03323566764888569,0.03999982211295309,0.8307541337745514
0.02968136757994193,0.03999982211296639,0.8309819200679438
0.04685520763580596,0.039999822119949915,0.8296415108269605
0.031793678187354214,0.03999982211296414,0.8308496627745917
-0.0034419481592084375,0.039999822112977076,0.8318662240752845
-0.05870686465932181,0.03999982211290654,0.8283622974011872
-0.12056641476352561,0.039999822112692394,0.8168731166680128
-0.18045330027980946,0.039999822112339004,0.797581508228036
-0.2373876733909017,0.03999982211185233,0.7708031144836244
-0.29043799423220845,0.03999982211124021,0.7369760739425094
-0.3387362724141442,0.03999982211051279,0.6966538525521452
-0.3814922687706801,0.03999982210968189,0.6504961880877103
-0.41800642497016727,0.039999822108761185,0.5992582957584432
-0.44768130943876483,0.03999982210776555,0.5437785116463141
-0.47003139232235974,0.03999982210671149,0.484964576150669
-0.48469098955253576,0.03999982210561613,0.4237787818642387
-0.49142024603863077,0.03999982210449744,0.3612222288856361
-0.491861999999773,0.03999982210418975,0.3440018150671617
-0.49175284575903233,0.0399998221039199,0.3288923127816959
-0.48969455152847674,0.03999982210329154,0.2937021694385322
-0.4813873034728778,0.03999982210231456,0.23895293996453962
-0.4645504274664873,0.03999982210123381,0.1783301322129128
-0.44011274339499334,0.039999822100201504,0.12035250885256707
-0.40847409191141487,0.039999822099234375,0.06596867903590417
-0.3701521333239717,0.039999822098348396,0.016068451549700748
-0.3624543410058562,0.03999982209340047,0.007477658689280915
-0.37249680603665825,0.039999822098396566,0.01876740621464499
-0.3945465057339931,0.03999982209888487,0.046270015252875996
-0.4250620178244106,0.03999982209970629,0.09247923527837265
-0.45318087375672295,0.039999822100708064,0.1487636482982569
-0.4738849462080834,0.03999982210176689,0.20817700194727284
-0.4868354825452107,0.03999982210286526,0.2697471961685639
-0.4918205907214116,0.03999982210398537,0.3324668414507697
-0.49186199999977254,0.039999822104191556,0.3440018147303803
-0.4928585299131292,0.024873325149892593,0.34400182457286776
-0.49319017680295,-0.010469480726315279,0.35407361493185335
-0.4885056482474723,-0.06575517432740002,0.3641395025899689
-0.47555300845062,-0.1273744346659728,0.374195265755522
-0.4638016499221171,-0.1627125424289287,0.3842366868831788
-0.46114698598984294,-0.1615306098959364,0.40924987473731367
-0.45343698560733253,-0.15809789656103063,0.4537724915769932
-0.43699842375230896,-0.15077897727679893,0.5127492426058274
-0.4134113996120674,-0.1402773575273719,0.5701249646732937
-0.38332647991150676,-0.12688268828042448,0.6237354641146642
-0.34723590335366267,-0.11081412832658427,0.672703585099436
-0.3057301710525502,-0.09233458570053324,0.716228128734064
-0.2594883849650227,-0.07174641607372571,0.7535969619919012
-0.20926713666729785,-0.04938647571896874,0.7841986693792697
-0.15588812827402448,-0.02562060998849255,0.807532556697268
-0.10022472804197954,-0.0008376674830598222,0.8232168432213265
-0.043187680630800855,0.02455686214986206,0.8309949082610054
0.014289794175638124,0.05014748269279248,0.8307394898960402
0.02653496773523325,0.05559938522575442,0.8296415109222159
0.012775575923087715,0.04947330929094096,0.8308496628363596
-0.019413770474493233,0.035141688913419074,0.8318662240587437
-0.06990078390211556,0.012663422299807194,0.8283622972619155
-0.12641229488719607,-0.01249712344111355,0.8168731163915025
-0.18112168708266815,-0.036855314202719446,0.7975815078188109
-0.23313382496654192,-0.06001260997337562,0.7708031139483802
-0.2815977045278122,-0.08159011935606116,0.7369760732900033
-0.3257203770899378,-0.10123479885399161,0.6966538517930533
-0.36477992325369896,-0.11862522924214064,0.6504961872344527
-0.3981372646844117,-0.1334768745137327,0.5992582948249808
-0.4252466204832587,-0.14554673735670454,0.5437785106479196
-0.4456644370593226,-0.15463733498889004,0.48496457510367796
-0.4590566453949363,-0.1605999303007324,0.42377878078578163
-0.46520412696357566,-0.1633369654387207,0.36122222779335844
-0.4656076892530859,-0.16351664294665624,0.3440018139742137
-0.4655079718614973,-0.16347224590379225,0.3288923116892637
-0.46362762644503014,-0.16263506218678045,0.2937021683513096
-0.456038577606936,-0.15925619995092297,0.23895293889676497
-0.44065732588719136,-0.15240802547052448,0.1783301311836444
-0.41833239049067267,-0.14246832383546448,0.12035250787864558
-0.38942904403165207,-0.1295997248915562,0.06596867813326446
-0.3544201927351096,-0.11401278005560446,0.016068450733111257
-0.3473879095096962,-0.11088180584585253,0.007477657889950829
-0.3565621578469025,-0.11496644436625206,0.01876740539279706
-0.37670556090344565,-0.12393486522622225,0.04627001438153848
-0.40458286845491087,-0.1363466422164036,0.09247923433839658
-0.43027072168017155,-0.1477836113351885,0.14876364729478536
-0.4491848331435026,-0.1562047163146274,0.2081770008967243
-0.4610157369135299,-0.1614721740449662,0.2697471950881275
-0.4655698599714381,-0.16349980026554584,0.33246684035812235
-0.46560768925308615,-0.16351664294665447,0.34400181363743243
-0.4656076892530863,-0.16351664294665352,0.34400177331061627
-0.4601988597230523,-0.17766026582469618,0.35407361385466285
-0.4459539815785567,-0.2099679920323351,0.3641395015134562
-0.4204864107396049,-0.2560587606412981,0.37419526468013864
-0.4185503944596947,-0.2546521624784783,0.39926271557330306
-0.41246163813449743,-0.25022842206457235,0.4439488275554243
-0.3988841380397887,-0.240363790820456,0.50328170713095
-0.3789509098435954,-0.22588145281420274,0.5611741376147436
-0.3532021058822725,-0.20717385168982416,0.6154477957055787
-0.3220590188829596,-0.1845470745303462,0.6652146752081688
-0.28603120090385803,-0.15837133257630281,0.7096605082276022
-0.24570812622560045,-0.12907490396175544,0.7480580879296146
-0.2017495465837813,-0.09713712638055268,0.7797791668389082
-0.1548746965468826,-0.06308055433431985,0.8043047359998239
-0.10585052565733806,-0.027462409282478388,0.8212335168154044
-0.05547914987723763,0.00913453741611511,0.8302885266244066
-0.004584727653628716,0.04611149959986243,0.8313216105926402
0.014395351983830271,0.059901334650030696,0.8296415110142668
0.0022103186990230297,0.051048389754822475,0.8308496628960498
-0.026295901825379157,0.030337408231161014,0.831866224042759
-0.07100615845266704,-0.0021464946466843594,0.8283622971273286
-0.12105158570884086,-0.03850662588075805,0.8168731161242928
-0.16950109376158162,-0.07370725394244917,0.7975815074233507
-0.21556196907596303,-0.10717243873610119,0.7708031134311398
-0.2584805800721705,-0.13835463486852104,0.7369760726594459
-0.2975547077760627,-0.16674365039101027,0.6966538510594953
-0.33214503527506334,-0.19187499437769479,0.6504961864098967
-0.3616856079930094,-0.21333747676005563,0.5992582939229177
-0.3856930936366767,-0.2307799360718887,0.5437785096831089
-0.4037746903060432,-0.24391698502772638,0.48496457409190546
-0.41563455337861055,-0.2525336799276208,0.42377877974360134
-0.4210786360134015,-0.2564890374891547,0.36122222673782217
-0.421436022414236,-0.2567486939086722,0.34400181291802995
-0.4213477147249062,-0.2566845346171576,0.3288923106335784
-0.41968251958826713,-0.2554746995337383,0.29370216730065846
-0.41296181454094355,-0.25059182149988524,0.2389529378649074
-0.39934049550515743,-0.24069535393419336,0.17833013018899777
-0.3795699935833174,-0.2263312434892409,0.12035250693748392
-0.353973786662109,-0.20773451060655326,0.06596867726098662
-0.3229706707313351,-0.18520942838326063,0.016068449943989354
-0.3167430258937584,-0.18068477956556417,0.007477657117507329
-0.32486755081164664,-0.18658759243207373,0.018767404598593565
-0.34270613268452016,-0.19954808080141812,0.04627001353950977
-0.36739370072066124,-0.21748464889168534,0.09247923343003847
-0.39014233323100944,-0.23401249786318037,0.14876364632506772
-0.4068922799069637,-0.2461820464637744,0.2081769998815134
-0.4173694841078733,-0.253794180888974,0.2697471940440338
-0.4214025215634254,-0.25672435411608663,0.33246683930222914
-0.4214360224142367,-0.2567486939086705,0.3440018125812487
-0.421436022414237,-0.2567486939086696,0.3440017722544323
-0.4132047642568937,-0.2694586858128206,0.3540736127987006
-0.3925540169099106,-0.29809873400309234,0.3641395004581583
-0.3580601639758789,-0.3378873030391087,0.37419526362594746
-0.3564589025350796,-0.3361089220427734,0.39926271452381235
-0.3514229475576193,-0.33051592741949465,0.44394882652131284
-0.34019312066271723,-0.31804394112906254,0.5032817061318371
-0.3237065287930702,-0.2997337258701998,0.5611741366675229
-0.30240992703579994,-0.2760814534337856,0.6154477948257486
-0.27665176277691383,-0.2474741138475031,0.6652146744101245
-0.24685348189343367,-0.21437977017671778,0.7096605075244016
-0.21350263320660823,-0.17733990024391832,0.7480580873327624
-0.17714489138237657,-0.13696053716213885,0.7797791663581702
-0.13837512879753064,-0.09390235363778457,0.8043047356430658
-0.09782768245050985,-0.04886985227995264,0.8212335165884631
-0.056165975166153265,-0.002599838780540168,0.8302885265309954
-0.01407166090854395,0.04415063343715509,0.8313216106342878
0.0016265905313341982,0.061585307957648154,0.8296415111063179
-0.008451539800742078,0.05039241027432449,0.8308496629557398
-0.0320287758266435,0.024207236878895942,0.8318662240267743
-0.06900822289744481,-0.016862599829505127,0.8283622969927418
-0.11040034111530739,-0.0628332043378728,0.8168731158570836
-0.1504724890472585,-0.10733783332771257,0.7975815070278907
-0.18856902053060343,-0.14964831796542713,0.7708031129138997
-0.22406661373284797,-0.18907238922307043,0.7369760720288885
-0.2563844697207469,-0.22496500453676557,0.6966538503259377
-0.2849938152848803,-0.2567389017626071,0.6504961855853411
-0.30942655453793627,-0.2838742077499857,0.5992582930208551
-0.3292829277323404,-0.30592694432029766,0.5437785087182984
-0.3442380519863921,-0.32253629247924825,0.4849645730801329
-0.35404723690187806,-0.3334304960082977,0.42377877870142133
-0.35854998810093197,-0.3384313078428011,0.3612222256822863
-0.35884557912148324,-0.3387595949299561,0.3440018118618466
-0.35877254061211206,-0.3386784774477874,0.32889230957789345
-0.35739527279172434,-0.3371488665711324,0.2937021662500077
-0.3518366386239573,-0.33097537790051307,0.23895293683305052
-0.340570569308077,-0.31846314032697853,0.1783301291943518
-0.32421856669461613,-0.30030240158349203,0.12035250599632304
-0.3030481764063103,-0.27679030118692644,0.06596867638870955
-0.27740578080296,-0.2483115357209687,0.01606844915486792
-0.27225495232065317,-0.24259096115417456,0.00747765634506471
-0.2789746730886338,-0.250053967127785,0.01876740380439072
-0.2937288021366403,-0.2664400874931762,0.04627001269748168
-0.3141476654460631,-0.2891175326219803,0.09247923252168062
-0.3329628528113284,-0.3100139151772029,0.14876364535535042
-0.34681658162391354,-0.3254000397719273,0.20817699886630264
-0.3554821821246651,-0.3350241641349305,0.26974719299993993
-0.35881787085549854,-0.33872882178329494,0.3324668382463356
-0.3588455791214841,-0.3387595949299546,0.34400181152506454
-0.35884557912148457,-0.3387595949299539,0.34400177119824826
-0.34815163781075864,-0.34948046823180523,0.3540736117427378
-0.32199755800713614,-0.3732011308748785,0.36413949940285967
-0.2799849698630748,-0.40494854894898835,0.3741952625717558
-0.27878844605340863,-0.40287610891728376,0.3992627134743209
-0.2750253877917034,-0.396358300814569,0.4439488254872002
-0.26663403137914415,-0.38182404516147195,0.5032817051327237
-0.25431461897364643,-0.3604861969536794,0.5611741357203022
-0.2384009830734721,-0.33292297103947616,0.6154477939459181
-0.21915349690128258,-0.29958534706947454,0.6652146736120799
-0.19688708094631702,-0.26101878333141015,0.7096605068212001
-0.17196605034791948,-0.2178542921566201,0.7480580867359099
-0.14479815410145508,-0.17079811552183438,0.7797791658774319
-0.11582790361499516,-0.12062016977039527,0.8043047352863072
-0.0855292997725379,-0.06814144851623483,0.8212335163615219
-0.05439807750095907,-0.014220589839798643,0.8302885264375844
-0.022943594732312087,0.040260172441353145,0.8313216106759352
-0.011213260407493524,0.06057770749566481,0.8296415111983688
-0.018744025130371968,0.04753404036182042,0.8308496630154301
-0.036361838306825905,0.017019092821971577,0.8318662240107896
-0.06399429653969539,-0.0308417287755244,0.8283622968581549
-0.09492407153966335,-0.08441367054257104,0.8168731155898739
-0.12486751421182243,-0.13627723460498317,0.7975815066324305
-0.15333470064894364,-0.18558384786358623,0.7708031123966592
-0.1798598609206677,-0.23152677313434392,0.7369760713983308
-0.20400899983463847,-0.2733543086938348,0.6966538495923794
-0.2253869978107377,-0.3103820873542052,0.6504961847607844
-0.24364407568644847,-0.3420042738345196,0.5992582921187917
-0.258481517678516,-0.3677034772211276,0.5437785077534872
-0.26965655886384715,-0.38705921633290397,0.4849645720683598
-0.2769863572124301,-0.3997547994840749,0.42377877765924044
-0.2803509851832941,-0.40558250608041607,0.3612222246267496
-0.2805718620889892,-0.405965076103914,0.34400181080566206
-0.28051728490293876,-0.40587054564528025,0.32889230852220724
-0.27948813763475544,-0.4040880102895728,0.29370216519935616
-0.2753345133692443,-0.3968937220281106,0.2389529358011927
-0.2669160751031056,-0.3823125592329376,0.1783301281997049
-0.2546972328161831,-0.36114890358438145,0.12035250505516118
-0.2388779068390961,-0.3337490272525066,0.06596867551643182
-0.21971692732980416,-0.30056123722139877,0.016068448365746182
-0.21586803112952,-0.29389475345934357,0.00747765557262154
-0.22088926369779766,-0.3025917833742282,0.01876740301018738
-0.23191411366524425,-0.32168738366269317,0.046270011855453305
-0.24717186991025406,-0.3481145926869087,0.0924792316133226
-0.26123129812009493,-0.3724662366697168,0.1487636443856328
-0.27158333460332446,-0.3903964898183593,0.2081769978510917
-0.27805860303908764,-0.4016119837395514,0.26974719195584607
-0.2805511573996665,-0.4059292145304611,0.33246683719044173
-0.2805718620889905,-0.40596507610391275,0.3440018104688803
-0.2805718620889912,-0.4059650761039122,0.3440017701420643
-0.2678826141685197,-0.41422827720152505,0.35407361068677534
-0.23736826068921552,-0.4319928475203242,0.364139498347562
-0.18967308902695587,-0.4543116001245541,0.37419526151756505
-0.18893359666106552,-0.4520356766427358,0.39926271242483063
-0.1866078987837085,-0.4448779145705629,0.44394882445308936
-0.1814217553489333,-0.42891660629648626,0.5032817041336113
-0.1738079397998858,-0.40548369152273445,0.5611741347730819
-0.16397277196557591,-0.37521415739056946,0.6154477930660882
-0.15207717134677018,-0.338603263198363,0.6652146728140359
-0.1383157695090223,-0.2962500233112815,0.7096605061179992
-0.12291372559057127,-0.2488474063023704,0.7480580861390578
-0.10612304232900545,-0.19717099684846484,0.7797791653966939
-0.08821844288254668,-0.14206630589093583,0.8043047349295491
-0.06949287590792913,-0.08443493668787493,0.8212335161345807
-0.0502527224391811,-0.025219833103830525,0.8302885263441734
-0.03081278299064603,0.034610148500699316,0.8313216107175826
-0.02356303768042229,0.0569225703132709,0.8296415112904196
-0.02821730623825529,0.042598204572629375,0.8308496630751201
-0.03910571358923919,0.00908713252248999,0.8318662239948048
-0.05618351196721178,-0.04347292639682274,0.8283622967235678
-0.07529916417353248,-0.10230485449527695,0.8168731153226646
-0.09380522947184014,-0.15926066700291244,0.7975815062369707
-0.1113989182357835,-0.2134084732714611,0.7708031118794189
-0.1277923688177617,-0.263862326247092,0.7369760707677733
-0.14271735743832073,-0.3097967180194689,0.6966538488588219
-0.15592968676777386,-0.35046008648715343,0.6504961839362289
-0.16721318139563981,-0.38518711214812157,0.599258291216729
-0.17638322481545668,-0.41340960381969616,0.5437785067886767
-0.1832897800540884,-0.43466579517963555,0.4849645710565875
-0.18781984452306336,-0.448607900021687,0.4237787766170605
-0.18989929892654725,-0.45500780260921614,0.3612222235712137
-0.1900358083500404,-0.455427935415566,0.3440018097494787
-0.19000207778391395,-0.4553241234083723,0.32889230746652226
-0.18936602976914826,-0.45336656890650845,0.2937021641487056
-0.18679894875987788,-0.44546590594884306,0.23895293476933574
-0.1815960677386288,-0.4294530846873606,0.17833012720505903
-0.17404440786337014,-0.4062114654142706,0.12035250411400059
-0.1642675266941005,-0.3761213191978201,0.06596867464415515
-0.15242539006634673,-0.33967497025646987,0.01606844757662526
-0.15004664138768475,-0.33235393462508633,0.007477654800179288
-0.15314993378981248,-0.3419048865459883,0.018767402215984753
-0.15996366580889493,-0.36287539740626223,0.0462700110134256
-0.16939347779120925,-0.3918973745002307,0.09247923070496546
-0.17808268232489013,-0.4186399962414473,0.14876364341591616
-0.18448059276405493,-0.43833073986896004,0.20817699683588142
-0.18848252878487542,-0.4506474324735135,0.2697471909117532
-0.19002301214057407,-0.4553885527330148,0.33246683613454925
-0.1900358083500419,-0.455427935415565,0.3440018094126975
-0.19003580835004275,-0.4554279354155645,0.3440017690858812
-0.17590583483579425,-0.46087232277399093,0.35407360963081363
-0.14236483134347858,-0.4719044038048158,0.3641394972922642
-0.09107158402225264,-0.48381905435408423,0.37419526046337415
-0.09082144244370335,-0.4814391162063219,0.3992627113753397
-0.09003474906987469,-0.473954228726344,0.44394882341897757
-0.08828047791636208,-0.4572634536101277,0.503281703134498
-0.08570501944906922,-0.43275960310565803,0.5611741338258608
-0.08237816366304829,-0.40110668466149263,0.6154477921862578
-0.07835434338356768,-0.36282259201565975,0.6652146720159913
-0.07369939491983087,-0.31853371580838336,0.7096605054147979
-0.06848948087481975,-0.26896469480233975,0.7480580855422052
-0.06280984400000884,-0.21492655960224838,0.7797791649159554
-0.05675341248393575,-0.15730346286201463,0.8043047345727906
-0.05041927949439453,-0.09703821309502542,0.8212335159076392
-0.04391108185144188,-0.03511684877822621,0.8302885262507622
-0.03733530435878688,0.027447494857032916,0.83132161075923
-0.034882996722616924,0.05077964352818721,0.8296415113824708
-0.03645735524484696,0.03580062269924806,0.8308496631348102
-0.04014048112012775,0.0007580207911724612,0.8318662239788199
-0.04591723790907459,-0.05420414866294714,0.8283622965889808
-0.05238332160343897,-0.11572482552468522,0.8168731150554547
-0.05864320568920083,-0.175283644161192,0.7975815058415102
-0.06459446818022875,-0.2319061244682324,0.7708031113621787
-0.07013973664661574,-0.28466582965980186,0.7369760701372154
-0.07518828138757654,-0.3326995242957113,0.6966538481252638
-0.07965749991838643,-0.37522129823135075,0.6504961831116726
-0.0834742684827161,-0.4115354253986121,0.5992582903146656
-0.0865761384774015,-0.44104774702719096,0.5437785058238656
-0.08891235821417268,-0.46327539305806426,0.48496457004481414
-0.09044470330064121,-0.477854682690842,0.42377877557487964
-0.09114810205414964,-0.48454707479906944,0.36122222251567715
-0.09119427789321502,-0.48498640856386094,0.3440018086932943
-0.0911828681474389,-0.4848778520867982,0.3288923064108363
-0.0909677177663004,-0.48283083295419343,0.2937021630980538
-0.09009937381802985,-0.4745690921680752,0.23895293373747784
-0.08833944095985356,-0.45782444955076335,0.17833012621041203
-0.08578500731875427,-0.43352063692509424,0.12035250317283837
-0.08247786762504125,-0.40205530458733435,0.06596867377187694
-0.07847213211644267,-0.3639432770597824,0.016068446787503125
-0.07766749369840467,-0.35628765394403583,0.007477654027735699
-0.07871721715564299,-0.366275105444552,0.01876740142178105
-0.08102203841801238,-0.38820401493190404,0.046270010171396675
-0.08421177806571828,-0.4185523604464028,0.0924792297966071
-0.08715099894208865,-0.4465171790660664,0.1487636424461982
-0.0893151639001092,-0.4671078332056023,0.20817699582067015
-0.09066886364626495,-0.4799874259416082,0.26974718986765905
-0.0911899494291564,-0.4849452259812356,0.3324668350786552
-0.09119427789321671,-0.48498640856386016,0.34400180835651284
-0.09119427789321763,-0.4849864085638599,0.3440017680296968
-0.07624112642226491,-0.48737403633298276,0.35407360857485065
-0.041139375708196375,-0.4911914731982527,0.3641394962369658
0.011510186240986719,-0.49218129428975915,0.37419525940918286
0.011260044667175992,-0.4898013561956614,0.39926271032584865
0.010473351301799988,-0.48231646881140494,0.44394882238486555
0.00871908015952073,-0.4656256938224025,0.503281702135385
0.006143621703201353,-0.4411218434422022,0.5611741328786404
0.0028167659274813475,-0.40946892511469046,0.6154477913064273
-0.0012070543425393972,-0.37118483257598645,0.665214671217947
-0.005862002797812261,-0.3268959564645613,0.7096605047115968
-0.011071916835493816,-0.27732693554152354,0.7480580849453526
-0.016751553704229274,-0.22328880041023408,0.7797791644352172
-0.022807985215580678,-0.16566570372347278,0.8043047342160324
-0.02914211820183117,-0.1054004539937517,0.8212335156806979
-0.03565031584297784,-0.04347908969740632,0.8302885261573509
-0.042226093335341226,0.019085253934547766,0.8313216108008773
-0.04467840098572568,0.04241740260742311,0.8296415114745213
-0.04310404244935699,0.027438381777626274,0.8308496631945003
-0.03942091657393804,-0.00760422013201051,0.8318662239628352
-0.03364415978573827,-0.0625663895776727,0.8283622964543937
-0.027178076093639477,-0.12408706641375677,0.8168731147882452
-0.020918192011613948,-0.18364588500795348,0.7975815054460503
-0.014966929525732081,-0.24026836525671985,0.7708031108449382
-0.009421661065816713,-0.29302807037500483,0.7369760695066581
-0.004373116332547113,-0.3410617649238183,0.6966538473917059
9.610218947766862e-05,-0.38358353875997525,0.6504961822871169
0.003912870744072363,-0.41989766581699567,0.5992582894126028
0.007014740728231791,-0.44940998732637855,0.5437785048590545
0.009350960453858604,-0.47163763323105107,0.4849645690330418
0.010883305528746482,-0.4862169227326883,0.4237787745326992
0.011586704270427508,-0.49290931470698085,0.3612222214601407
0.011632880106239165,-0.49334864843492765,0.34400180763711014
0.011621470357608755,-0.4932400919255454,0.32889230535515057
0.0114063199698258,-0.4911930727176994,0.2937021620474026
0.010537976011225691,-0.48293133181460907,0.23895293270562054
0.008778043141623514,-0.4661866890679091,0.1783301252157658
0.006223609489609724,-0.44188287631864276,0.12035250223167707
0.00291646978567205,-0.4104175438650986,0.06596867289959972
-0.0010892657322939196,-0.37230551623146974,0.016068445998381538
-0.0018939041424043282,-0.36464989309647766,0.007477653255292833
-0.0008441806925878128,-0.374637344621972,0.01876740062757796
0.0014606405749427677,-0.39656625416777236,0.046270009329368506
0.0046503802313302995,-0.4269145997805885,0.09247922888824929
0.0075896011182893484,-0.45487941852016334,0.1487636414764808
0.009753766087500912,-0.47547007278643283,0.20817699480545934
0.011107465845267053,-0.4883496656539211,0.26974718882356513
0.01162855163999829,-0.4933074658276282,0.3324668340227614
0.01163288010623737,-0.49334864843492726,0.34400180730032864
0.0116328801062364,-0.4933486484349271,0.3440017669735126
0.026755685070400034,-0.49257516582479144,0.354073607518888
0.06188406807214419,-0.48901111821477683,0.3641394951816672
0.11358890616031192,-0.47903284991427336,0.37419525835499146
0.11284941384350523,-0.47675692658642105,0.3992627092763577
0.11052371605369866,-0.46959916478887637,0.4439488213507535
0.10533757273527827,-0.4536378568797817,0.5032817011362718
0.09772375729989244,-0.43020494246256347,0.5611741319314194
0.08788858957227824,-0.39993540866508176,0.6154477904265971
0.07599298905145672,-0.3633245147802322,0.6652146704199025
0.06223158730137836,-0.3209712751681526,0.7096605040083954
0.046829543458847434,-0.27356865839738814,0.7480580843485001
0.03003886026021045,-0.2218922491408781,0.779779163954479
0.012134260862659531,-0.16678755833676356,0.804304733859274
-0.006591306077871424,-0.10915618924062613,0.8212335154537564
-0.025831459527911715,-0.0499410857152647,0.8302885260639399
-0.04527139897342407,0.009888895879782842,0.8313216108425246
-0.0525211442998857,0.032201317697164604,0.8296415115665724
-0.0478668757266041,0.017876951954190052,0.8308496632541901
-0.036978468374192004,-0.015634120100428375,0.8318662239468504
-0.019900670003955154,-0.06819417899547643,0.8283622963198064
-0.0007850178210987472,-0.12702610702032865,0.8168731145210356
0.017721047438510374,-0.18398191940657493,0.7975815050505902
0.035314736149153717,-0.23812972550793302,0.770803110327698
0.05170818666410268,-0.2885835782733078,0.7369760688761001
0.06663317520499996,-0.3345179697958029,0.6966538466581479
0.07984550444346247,-0.37518133797806885,0.6504961814625606
0.09112899897049719,-0.40990836332275116,0.5992582885105396
0.10029904228129236,-0.4381308546523478,0.5437785038942438
0.10720559740449548,-0.4593870456502124,0.48496456802126875
0.11173566175352356,-0.4733291501160158,0.42377877349051896
0.11381511603450502,-0.4797290523192808,0.3612222204046046
0.11395162542429835,-0.4801491850199218,0.34400180658092655
0.11391789482861081,-0.480045372920002,0.3288923042994652
0.1132818467450263,-0.47808781820226853,0.2937021609967517
0.11071476562876817,-0.4701871549090058,0.2389529316737632
0.1055118844891753,-0.45417433327630397,0.17833012422111935
0.09796022450086905,-0.43093271364860813,0.12035250129051576
0.0881833432256981,-0.40084256709996796,0.06596867202732239
0.07634120650092195,-0.364396217854279,0.016068445209260356
0.07396245781469601,-0.35707518216759193,0.007477652482850084
0.07706575022963064,-0.3666261341602448,0.018767399833375057
0.08387948230217222,-0.38759664518820935,0.04627000848734044
0.09330929437441116,-0.41661862256425364,0.09247922797989154
0.1019984990177676,-0.4433612446495003,0.14876364050676333
0.10839640957284791,-0.4630519886406169,0.20817699379024862
0.11239834571392736,-0.4753686816223983,0.26974718777947143
0.11393882919226068,-0.4801098022665801,0.33246683296686824
0.11395162542429652,-0.4801491850199219,0.34400180624414484
0.11395162542429554,-0.4801491850199218,0.34400176591732873
0.1285831447463786,-0.4762483969309576,0.35407360646292535
0.1622028811426265,-0.4654586308259301,0.3641394941263691
0.21070324584603295,-0.44494837133455745,0.37419525730080017
0.20950672217025507,-0.442875931536548,0.3992627082268668
0.20574366414736572,-0.4363581238506734,0.4439488203166417
0.19735230805219411,-0.4218238687515587,0.5032817001371584
0.18503289595673764,-0.4004860210849261,0.5611741309841983
0.16911926034760333,-0.3729227956787172,0.6154477895467664
0.14987177444269065,-0.33958517217523265,0.6652146696218576
0.1276053587268658,-0.30101860885457543,0.7096605033051937
0.10268432833556011,-0.25785411804125297,0.7480580837516472
0.07551643226075053,-0.21079794170608132,0.7797791634737404
0.04654618190769944,-0.1606199961875002,0.8043047335025153
0.016247578158222444,-0.10814127509563205,0.8212335152268151
-0.014883644062325934,-0.05422041650826694,0.8302885259705285
-0.046338126822727366,0.00026034575849226307,0.8313216108841719
-0.05806846116762663,0.020577880819671223,0.8296415116586231
-0.050537696426821134,0.007534213682719421,0.8308496633138803
-0.03291988324647192,-0.02298073386392788,0.8318662239308654
-0.005287425034703211,-0.07084155542459411,0.8283622961852195
0.025642349901260415,-0.12441349707992509,0.8168731142538257
0.05558579246785931,-0.17627706095808832,0.7975815046551296
0.08405297875959178,-0.2255836739629237,0.7708031098104571
0.1105781388484771,-0.2715265989145472,0.7369760682455422
0.13472727754515082,-0.3133541340947588,0.6966538459245895
0.15610527527305004,-0.35038191232191035,0.6504961806380042
0.1743623528737187,-0.38200409832215476,0.599258287608476
0.18919979456840247,-0.40770330118969667,0.5437785029294325
0.2003748354388734,-0.4270590397519029,0.4849645670094957
0.20770463346027157,-0.4397546223319916,0.4237787724483381
0.21106926109697952,-0.4455823283450827,0.3612222193490681
0.21129013791075024,-0.4459648982081321,0.34400180552474247
0.21123556064406504,-0.4458703676087555,0.32889230324377955
0.2102064131881615,-0.4440878319253935,0.2937021599461004
0.20605278863081494,-0.4368935431545495,0.23895293064190562
0.197634350041864,-0.42231237979592673,0.1783301232264729
0.18541550744657673,-0.40114872360913784,0.12035250034935438
0.16959618118061778,-0.37374884677305364,0.065968671155045
0.15043520140667305,-0.34056105628000993,0.016068444420138737
0.14658630516918036,-0.333894572433716,0.007477651710407153
0.15160753778896865,-0.3425916024578037,0.018767399039172038
0.16263238790223858,-0.3616872030007953,0.0462700076453123
0.17789014439254103,-0.38811441245315564,0.0924792270715338
0.19194957290154974,-0.41246605695814464,0.1487636395370463
0.2023016097009682,-0.4303963106586776,0.20817699277503787
0.2087768784647682,-0.4416118051524398,0.26974718673537784
0.21126943315986432,-0.445929036527231,0.3324668319109747
0.21129013791074852,-0.44596489820813257,0.34400180518796103
0.21129013791074752,-0.4459648982081327,0.34400176486114475
0.2247909039950198,-0.43910728779484487,0.3540736054069628
0.25543264998784365,-0.42156336774440023,0.364139493071071
0.2986088426452869,-0.39141751381486933,0.3741952562466088
0.29700758145612505,-0.38963913309934584,0.3992627071773757
0.2919716269275088,-0.3840461389769492,0.44394881928252977
0.28074180062912224,-0.37157415335219135,0.5032816991380452
0.2642552093421839,-0.35326393874359513,0.5611741300369775
0.24295860813191014,-0.32961166691759514,0.615447788666936
0.217200444375359,-0.3010043278918873,0.665214668823813
0.18740216394133327,-0.26790998472266514,0.7096605026019924
0.154051315643728,-0.2308701152242112,0.7480580831547948
0.11769357414211362,-0.19049075250245256,0.7797791629930021
0.07892381180800373,-0.1474325692579044,0.8043047331457568
0.03837636563573543,-0.10240006809508553,0.8212335149998736
-0.0032853415527116492,-0.05613005470270234,0.830288525877117
-0.04537965579482366,-0.009379582502301424,0.831321610925819
-0.06107790726005059,0.008055092025486345,0.8296415117506738
-0.050999776906673615,-0.003137805660614012,0.83084966337357
-0.027422540873451366,-0.02932297906421175,0.8318662239148806
0.009556906157692158,-0.0703928157283576,0.8283622960506324
0.05094902425526154,-0.116363420102486,0.8168731139866159
0.09102117198881733,-0.16086804887092918,0.7975815042596692
0.12911770319891064,-0.20317853320371243,0.7708031092932167
0.1646152960575184,-0.24260260407787887,0.7369760676149846
0.19693315163701752,-0.2784952189358259,0.6966538451910315
0.2255424967346705,-0.3102691156411049,0.6504961798134479
0.2499752354707977,-0.3374044210516235,0.5992582867064127
0.26983160810628243,-0.35945715699821695,0.5437785019646214
0.28478673176856895,-0.3760665044967952,0.4849645659977227
0.2945959160691263,-0.38696070733962307,0.4237787714061578
0.299098666640149,-0.3919615184732837,0.36122221829353185
0.29939425748793264,-0.3922898053676412,0.34400180446855844
0.29932121882701224,-0.3922086877163535,0.32889230218809407
0.2979439506538132,-0.39067907644598343,0.2937021588954493
0.29238531593755485,-0.3845055871632828,0.2389529296100484
0.2811192460149641,-0.37199334891269753,0.17833012223182668
0.26476724282194564,-0.3538326095224617,0.12035249940819323
0.24359685199071848,-0.33032050852003025,0.06596867028276784
0.21795445588996556,-0.30184174249900275,0.016068443631017428
0.21280362732924388,-0.2961211678303308,0.0074776509379644585
0.21952334820251984,-0.30358417393581666,0.018767398244968977
0.2342774775245949,-0.3199702946070514,0.046270006803284185
0.2546963412950341,-0.3426477402503211,0.09247922616317619
0.27351152922257205,-0.3635441234330049,0.1487636385673289
0.28736525862941986,-0.37893024869088987,0.20817699175982737
0.2960308597467018,-0.3885543737419025,0.26974718569128453
0.29936654910624577,-0.3922590320918685,0.3324668308550814
0.2993942574879309,-0.3922898053676419,0.34400180413177733
0.2993942574879301,-0.39228980536764235,0.34400176380496106
0.3111742220802929,-0.382775083106823,0.35407360435100094
0.33749878634132247,-0.35924376259643137,0.36413949201577317
0.3734638001567801,-0.3207798326938118,0.3741952551924181
0.37152778426854943,-0.3193732348166725,0.3992627061278852
0.36543902864198824,-0.3149494949123322,0.44394881824841853
0.3518615294757706,-0.3050848643454314,0.5032816981389326
0.3319283021865765,-0.2906025270007181,0.5611741290897571
0.3061794990766667,-0.27189492649733643,0.6154477877871062
0.27503641285925,-0.24926814990815202,0.665214668025769
0.23900859557973486,-0.22309240846436776,0.7096605018987915
0.19868552150730753,-0.19379598029169612,0.7480580825579424
0.15472694236764983,-0.16185820307675597,0.7797791625122638
0.10785209272102798,-0.12780163131518035,0.8043047327889985
0.058827922103489805,-0.09218348646173295,0.8212335147729318
0.008456546472674813,-0.05558653987202428,0.8302885257837056
-0.04243787572681203,-0.01860957770587119,0.8313216109674662
-0.06141795539575623,-0.004819742650079078,0.8296415118427247
-0.049232922085764914,-0.013672687546314777,0.8308496634332597
-0.02072670154996794,-0.034383669078287035,0.8318662238988952
0.02398355501559177,-0.06686757191110992,0.8283622959160447
0.07402898208452664,-0.10322770300861699,0.8168731137194062
0.12247848982846048,-0.13842833084507322,0.797581503864209
0.16853936471751957,-0.17189351532850725,0.7708031087759765
0.2114579751788483,-0.20307571107080175,0.7369760669844271
0.2505321022470569,-0.23146472612964172,0.6966538444574737
0.2851224290199702,-0.25659606958673853,0.6504961789888922
0.3146630009333045,-0.2780585513822384,0.5992582858043503
0.3386704857070006,-0.2955010100595393,0.5437785009998111
0.35675208145527104,-0.3086380583435557,0.4849645649859506
0.36861194357068766,-0.31725475254533164,0.42377877036397804
0.37405602522793413,-0.3212101093938721,0.3612222172379962
0.37441341135985196,-0.32146976561724966,0.34400180341237535
0.37432510343463216,-0.321405606153684,0.3288923011324092
0.3726599077488343,-0.32019577066972393,0.2937021578447988
0.36593920184777146,-0.3153128920131776,0.23895292857819153
0.3523178818676261,-0.30541642375869704,0.1783301212371808
0.3325473790436916,-0.2910523126557826,0.12035249846703225
0.30695117127741334,-0.27245557915672486,0.06596866941049069
0.2759480545724207,-0.24993049636873926,0.016068442841896277
0.26972040960733257,-0.24540584744616806,0.007477650165522005
0.27784493469457267,-0.25130866044806993,0.018767397450766273
0.29568351699404005,-0.2642691491285602,0.04627000596125623
0.3203710857477643,-0.2822057177422125,0.09247922525481861
0.34311971913330275,-0.29873356735204715,0.14876363759761174
0.3598696667342415,-0.31090311662729925,0.2081769907446167
0.37034687189479526,-0.3185152517524364,0.26974718464719105
0.37437991032894985,-0.32144542569331447,0.3324668297991881
0.37441341135985035,-0.32146976561725066,0.3440018030755936
0.37441341135984973,-0.32146976561725116,0.3440017627487773
0.38395773348757095,-0.3097137705221809,0.3540736032950386
0.40481460624489385,-0.2812234811668335,0.36413949096047515
0.4319965975391329,-0.23612253358980326,0.37419525413822713
0.42981044014934966,-0.2351491936097635,0.3992627050783947
0.42293499128629913,-0.23208804655243678,0.4439488172143067
0.4076032211490928,-0.22526190269195898,0.5032816971398196
0.38509453557090534,-0.2152403902050959,0.5611741281425362
0.3560188768423467,-0.20229507289596682,0.6154477869072755
0.3208519704991561,-0.1866377574193993,0.6652146672277245
0.28016920489342995,-0.168524623174923,0.7096605011955901
0.2346362168950865,-0.14825203079101038,0.7480580819610896
0.18499800097933375,-0.1261516731784077,0.7797791620315251
0.13206671989336,-0.10258514848929208,0.8043047324322398
0.07670841633975188,-0.07793804377754915,0.8212335145459903
0.019828843095331086,-0.05261362616121216,0.8302885256902942
-0.037641356592068916,-0.02702624471000235,0.8313216110091132
-0.059073743907452,-0.017483931090189715,0.8296415119347753
-0.04531435206620024,-0.023610007022668366,0.8308496634929493
-0.013125005652882379,-0.037941627407225086,0.8318662238829103
0.0373620076894895,-0.060419893982726625,0.8283622957814576
0.09387351841598085,-0.08558043960804719,0.8168731134521963
0.14858291018497088,-0.10993863017899745,0.7975815034687486
0.20059504748144702,-0.1330959256870619,0.7708031082587358
0.24905892630401558,-0.15467343473951625,0.7369760663538688
0.29318159798822113,-0.17431811384497908,0.6966538437239154
0.33224114314920866,-0.19170854378484534,0.6504961781643359
0.36559848346870055,-0.20656018855967434,0.5992582849022867
0.39270783806606163,-0.21863005086553045,0.543778500035
0.41312565337003243,-0.2277206479290362,0.4849645639741774
0.42651786038375933,-0.2336832426499384,0.42377876932179714
0.43266534060234674,-0.23642027718439582,0.3612222161824594
0.43306890252046565,-0.23659995452630367,0.34400180235619077
0.43296918480309815,-0.23655555733780279,0.3288923000767233
0.4310888386282071,-0.23571837328174325,0.29370215679414746
0.4234997886110442,-0.23233951051879168,0.23895292754633407
0.40811853558707883,-0.22549133545535052,0.17833012024253445
0.3857935989447098,-0.21555163326334223,0.12035249752587099
0.3568902513185933,-0.20268303379769206,0.06596866853821348
0.3218813989528048,-0.18709608848374162,0.016068442052774957
0.3148491155474051,-0.1839651141830222,0.007477649393079265
0.32402336412238186,-0.18804975282022188,0.018767396656563476
0.3441667677680792,-0.19701817394356935,0.04627000511922838
0.3720440763105728,-0.20942995137678327,0.09247922434646118
0.39773193074452823,-0.2208669210359069,0.1487636366278947
0.41664604348532236,-0.2292880265864271,0.20817698972940632
0.42847694858068003,-0.23455548490924566,0.26974718360309746
0.43303107299010146,-0.23658311173400998,0.3324668287432944
0.4330689025204644,-0.23659995452630503,0.3440018020194095
0.43306890252046387,-0.2365999545263058,0.34400176169259344
0.43996044951288377,-0.22311647998672693,0.3540736022390762
0.45443808534859376,-0.19091238413471015,0.364139489905177
0.4716490706703305,-0.14114554670166166,0.3741952530840359
0.4693083173563862,-0.1406480042259904,0.3992627040289038
0.4619466653804753,-0.13908323679459697,0.4439488161801949
0.44553069621886854,-0.1355939148342113,0.5032816961407066
0.4214302899412076,-0.13047121534204237,0.5611741271953157
0.39029852142073224,-0.12385395366761943,0.6154477860274454
0.3526447575266904,-0.11585039908128206,0.6652146664296801
0.30908507568556426,-0.10659150288251078,0.709660500492389
0.2603321838424414,-0.09622875582157513,0.7480580813642375
0.20718375938837888,-0.0849317094620283,0.7797791615507872
0.15050939784805467,-0.07288520203863,0.8043047320754815
0.09123638486860886,-0.06028633420021476,0.821233514319049
0.030334524303310136,-0.047341244119322445,0.8302885255968833
-0.031199729372487942,-0.03426173473309219,0.8313216110507607
-0.054147726165163744,-0.029383987444760586,0.829641512026826
-0.03941532724060749,-0.032515455498173564,0.8308496635526396
-0.004949683849386995,-0.03984135415316972,0.8318662238669254
0.049107561521730854,-0.05133157636253516,0.8283622956468706
0.10961533171036143,-0.06419289994793138,0.8168731131849869
0.16819354455213142,-0.07664408345799156,0.7975815030732886
0.22388376426435067,-0.0884814050781714,0.7708031077414955
0.27577480737567905,-0.09951118678276052,0.7369760657233115
0.32301765118442716,-0.10955296322551825,0.6966538429903576
0.3648393251645724,-0.11844243444917316,0.6504961773397799
0.40055555803326726,-0.12603415410260743,0.5992582840002237
0.4295819735530373,-0.13220390918207725,0.543778499070189
0.45144365188695257,-0.1368507523599927,0.4849645629624046
0.46578290006728756,-0.13989865364901796,0.42377876827961686
0.4723651044400432,-0.14129774437755663,0.3612222151269234
0.4727972045457817,-0.14138959009001514,0.3440018013000071
0.4726904351735275,-0.14136689555908122,0.3288922990210378
0.47067711864751455,-0.14093895192011605,0.29370215574349623
0.462551402396446,-0.13921177761168388,0.23895292651447664
0.44608245087128306,-0.1357111939000801,0.17833011924788783
0.4221787872477,-0.1306303133478791,0.1203524965847095
0.39123151472699985,-0.12405226750682516,0.06596866766593609
0.3537469815219045,-0.11608468401203854,0.016068441263653303
0.34621740420255154,-0.1144842229411498,0.0074776486206361865
0.3560404175836802,-0.11657216889578884,0.018767395862360085
0.377608279187438,-0.12115655940135771,0.04627000427719975
0.4074569553819169,-0.12750109138449778,0.09247922343810308
0.4349613483818806,-0.13334733059241521,0.14876363565817705
0.4552129887972899,-0.13765194964837474,0.2081769887141951
0.4678805265261245,-0.14034451791396405,0.2697471825590035
0.4727566998437695,-0.1413809805496149,0.3324668276874008
0.47279720454578084,-0.14138959009001673,0.3440018009632252
0.4727972045457804,-0.14138959009001756,0.3440017606364091
0.476734782733423,-0.12676792863587408,0.3540736011831133
0.4842004394922877,-0.09225749979955188,0.36413948884987846
0.4906882161955016,-0.03999982210480395,0.37419525202984427
0.48829516911405285,-0.039999822105252346,0.3992627029794124
0.48076905355006144,-0.039999822106052026,0.44394881514608275
0.46398634200001565,-0.039999822107114794,0.503281695141593
0.4393475184345794,-0.039999822108152984,0.5611741262480943
0.4075202478034547,-0.03999982210912752,0.6154477851476144
0.36902527653283373,-0.03999982211002244,0.6652146656316351
0.3244924455836267,-0.03999982211082323,0.7096604997891871
0.2746503852188028,-0.03999982211151671,0.7480580807673841
0.22031459341547976,-0.03999982211209146,0.7797791610700482
0.16237409297851718,-0.03999982211253823,0.8043047317187225
0.10177688566714209,-0.0399998221128496,0.8212335140921074
0.039514441328994475,-0.03999982211302049,0.8302885255034715
-0.02339452417517321,-0.03999982211304819,0.8313216110924078
-0.04685519286887238,-0.03999982212002651,0.8296415121188768
-0.03179366338770657,-0.03999982211304078,0.8308496636123293
0.0034419629808495173,-0.03999982211305368,0.8318662238509404
0.05870687936181878,-0.03999982211298318,0.8283622955122834
0.12056642910462412,-0.039999822112769035,0.8168731129177769
0.18045331402486547,-0.039999822112415685,0.7975815026778279
0.2373876863150236,-0.03999982211192905,0.7708031072242546
0.29043800612393633,-0.039999822111317,0.7369760650927533
0.3387362830789098,-0.0399998221105896,0.6966538422567989
0.38149227803399055,-0.039999822109758755,0.6504961765152231
0.41800643268045945,-0.03999982210883799,0.59925828309816
0.4476813154698856,-0.03999982210784238,0.5437784981053776
0.4700313965756302,-0.03999982210678827,0.4849645619506315
0.4846909919583654,-0.03999982210569296,0.4237787672374357
0.49142024655765615,-0.03999982210457425,0.36122221407138666
0.4918619999997498,-0.03999982210426658,0.3440018002438228
0.4917528453037077,-0.03999982210399674,0.32889229796535197
0.489694550013195,-0.03999982210336836,0.29370215469284494
0.4813873003097545,-0.03999982210239138,0.23895292548261896
0.4645504224806128,-0.0399998221013106,0.17833011825324124
0.44011273666794476,-0.03999982210027829,0.12035249564354786
0.4084740835532577,-0.03999982209931118,0.06596866679365851
0.37015212347145915,-0.039999822098425106,0.016068440474531764
0.3624543308963465,-0.03999982209347714,0.007477647848193273
0.3724967962649044,-0.03999982209847324,0.018767395068157104
0.39454649678562836,-0.03999982209896156,0.04627000343517173
0.42506201026108625,-0.03999982209978297,0.09247922252974537
0.4531808678826446,-0.03999982210078472,0.14876363468845957
0.47388494211936094,-0.03999982210184359,0.2081769876989843
0.4868354803087422,-0.03999982210294203,0.2697471815149099
0.49182059037378933,-0.03999982210406214,0.33246682663150745
0.49186199999974917,-0.03999982210426832,0.3440017999070414
0.4918619999997489,-0.03999982210426925,0.3440017595802252
0.4926735183228167,-0.02487901049477265,0.3540736001271507
0.49280091098060086,0.010429479995327812,0.36413948779458055
0.48828193208963344,0.06289408668544147,0.37419525097565337
0.48594117888125327,0.06239654423129171,0.3992627019299218
0.47857952709363694,0.06083177683828641,0.44394881411197123
0.46216355818227395,0.057342454928918624,0.5032816941424799
0.438063152149065,0.052219755486586944,0.5611741253008736
0.4069313838580596,0.045602493858946665,0.6154477842677843
0.3692776201747522,0.03759893931557241,0.6652146648335905
0.32571793852217645,0.02834004315524155,0.7096604990859859
0.27696504684233525,0.01797729612759447,0.7480580801705318
0.22381662252361378,0.006680249795640033,0.7797791605893098
0.16714226108847577,-0.005366257606313722,0.8043047313619641
0.10786924818234044,-0.017965125429783003,0.8212335138651657
0.04696738765727673,-0.03091021550247249,0.8302885254100602
-0.014566866012019916,-0.043989724887377415,0.8313216111340549
-0.03751486280804922,-0.048867472190690334,0.8296415122109274
-0.022782463881837856,-0.04573600412264188,0.8308496636720191
0.0116831795124536,-0.03841010546701941,0.8318662238349555
0.06574042486693468,-0.026919883261046076,0.8283622953776958
0.12624819500510126,-0.01405855968593841,0.8168731126505671
0.18482640776364248,-0.0016073761928466776,0.7975815022823675
0.24051662736123025,0.010229945403962604,0.7708031067070141
0.2924076703284,0.02125972707916124,0.7369760644621955
0.3396505139658205,0.03130150348698947,0.6966538415232411
0.3814721877502731,0.04019097467074744,0.650496175690667
0.4171884204021114,0.04778269427997015,0.599258282196097
0.44621483568740994,0.05395244931163715,0.5437784971405667
0.46807651377307424,0.05859929243894049,0.48496456093885887
0.48241576169544104,0.06164719367537263,0.4237787661952557
0.48899796580473237,0.06304628435019749,0.3612222130158504
0.4894300658379933,0.06313813004787955,0.34400179918763896
0.489323296402163,0.06311543550398385,0.3288922969096666
0.4873099797281425,0.06268749183484357,0.29370215364219376
0.479184263246977,0.06096031747950039,0.23895292445076155
0.46271531146729344,0.057459733716006385,0.17833011725859477
0.43881164760058095,0.052378853114237414,0.12035249470238668
0.4078643748521203,0.04580080722674898,0.0659686659213812
0.37037984143835995,0.03783322368942089,0.016068439685410323
0.3628502640811272,0.03623276262059751,0.0074776470757504775
0.3726732775114126,0.03832070857546971,0.018767394273954078
0.3942411392301449,0.04290509910447872,0.046270002593143594
0.42408981561802456,0.04924963112704787,0.09247922162138766
0.45159420885386686,0.05509587038305444,0.14876363371874254
0.4718458495185751,0.0594004894898392,0.20817698668377385
0.4845133875060498,0.06209305780815831,0.2697471804708165
0.4893895610874446,0.06312952049758058,0.33246682557561424
0.48943006583799303,0.06313813004787769,0.34400179885085774
0.489430065837993,0.06313813004787673,0.3440017585240417
0.4870800570513945,0.07809723979667693,0.35407359907118846
0.47986361793609295,0.11266064148610333,0.3641394867392826
0.4645353845091782,0.1630392221145981,0.3741952499214623
0.46234922731659606,0.16206588222137613,0.39926270088043103
0.4554737788052913,0.15900473531890608,0.44394881307785966
0.4401420091355569,0.1521785916642336,0.5032816931433671
0.4176333240140209,0.14215707937841193,0.5611741243536531
0.38855766571412753,0.12921176225800343,0.6154477833879537
0.35339075976460216,0.11355444695474769,0.6652146640355463
0.3127079945111003,0.09544131286533872,0.7096604983827848
0.2671750068177774,0.07516872061571174,0.7480580795736792
0.21753679115485058,0.05306836311441607,0.7797791601085716
0.1646055102653716,0.029501838511807453,0.8043047310052055
0.10924720684871211,0.00485473386035632,0.8212335136382242
0.05236763367945297,-0.020469683722890663,0.8302885253166488
-0.0051025659958019685,-0.04605706516875376,0.8313216111757019
-0.026534953317192595,-0.0555993788065186,0.8296415123029779
-0.012775561473106028,-0.04947330285748408,0.8308496637317088
0.01941378494594864,-0.03514168247040151,0.8318662238189704
0.06990079825724202,-0.012663415908582668,0.8283622952431087
0.1264123088894633,0.012497129675234975,0.8168731123833571
0.1811217005029767,0.03685532017773615,0.7975815018869071
0.23313383758531397,0.060012615591525285,0.7708031061897738
0.28159771613858464,0.08159012452542047,0.7369760638316379
0.32572038750273963,0.10123480348997999,0.6966538407896831
0.3647799322981603,0.11862523326890449,0.650496174866111
0.3981372722125506,0.13347687786538637,0.5992582812940339
0.4252466263719034,0.14554673997840822,0.543778496175756
0.44566444121212545,0.15463733683774733,0.48496455992708637
0.45905664774395133,0.16059993134649153,0.4237787651530756
0.46520412747036965,0.16333696566427014,0.36122221196031457
0.465607689253096,0.16351664294657103,0.34400179813145554
0.46550797141696426,0.16347224570578367,0.3288922958539813
0.4636276249655855,0.16263506152799956,0.2937021525915428
0.45603857451858637,0.15925619857581147,0.2389529234189045
0.44065732101916016,0.1524080233030476,0.1783301162639489
0.4183323839226095,0.14246832091108463,0.12035249376122571
0.3894290358710216,0.12959972125811975,0.06596866504910445
0.35442018311543366,0.11401277577255912,0.016068438896289318
0.34738789963909555,0.11088180145108835,0.007477646303308074
0.3565621483060768,0.11496644011831307,0.01876739347975142
0.37670555216655344,0.12393486133621746,0.04627000175111568
0.4045828610703321,0.13634663892848767,0.0924792207130301
0.430270715944924,0.1477836087816021,0.14876363274902527
0.4491848291514248,0.15620471453715026,0.20817698566856316
0.4610157347299395,0.16147217307267936,0.269747179426723
0.4655698596320625,0.16349980011435636,0.3324668245197209
0.4656076892530962,0.16351664294656915,0.34400179779467394
0.4656076892530962,0.16351664294656817,0.3440017574678578
0.4601988600152599,0.17766026596561257,0.3540735980152261
0.4459539821411499,0.20996799235531566,0.36413948568398447
0.4204864115266175,0.25605876121299426,0.374195248867271
0.4185503959003851,0.25465216352509934,0.39926269983093987
0.4124616407411484,0.2502284239583133,0.44394881204374764
0.3988841421960066,0.2403637938400233,0.5032816921442538
0.378950915513513,0.22588145693353723,0.561174123406432
0.3532021129731213,0.2071738568415256,0.6154477825081234
0.32205902727872276,0.18454708063012334,0.6652146632375013
0.2860312104671677,0.15837133952435234,0.709660497679583
0.24570813679998588,0.12907491164439458,0.7480580789768262
0.20174955799622904,0.09713713467207978,0.779779159627833
0.15487470861066704,0.06308056309907085,0.8043047306484467
0.10585053817507674,0.02746241837704653,0.8212335134112826
0.05547916264412041,-0.00913452814053303,0.8302885252232375
0.004584740460769287,-0.04611149029503126,0.8313216112173489
-0.014395339215492386,-0.05990132537339129,0.8296415123950284
-0.0022103059023988623,-0.051048380457631916,0.8308496637913985
0.026295914641019925,-0.030337398920154076,0.8318662238029851
0.07100617116528932,0.002146503882843873,0.8283622951085211
0.12105159810897835,0.038506634889883984,0.8168731121161472
0.16950110564634857,0.0737072625771364,0.7975815014914466
0.21556198025090567,0.10717244685507081,0.7708031056725331
0.2584805903544494,0.13835464233893235,0.7369760632010798
0.2975547169974437,0.16674365709063424,0.6966538400561247
0.3321450432846703,0.1918750001969132,0.6504961740415547
0.36168561465979254,0.2133374816036553,0.5992582803919705
0.3856930988515574,0.2307799398606195,0.5437784952109447
0.40377469398369825,0.2439169876995974,0.4849645589153133
0.4156345554588684,0.25253368143891475,0.423778764110895
0.4210786364622264,0.2564890378151432,0.3612222109047783
0.42143602241426337,0.25674869390859023,0.34400179707527156
0.4213477143312553,0.25668453433105176,0.32889229479829596
0.41968251827812003,0.255474698581759,0.29370215154089185
0.41296181180598357,0.2505918195127186,0.23895292238704724
0.3993404911941481,0.24069535080195992,0.17833011526930273
0.3795699877667947,0.2263312392631881,0.1203524928200645
0.3539737794352416,0.20773450535582502,0.06596866417682729
0.32297066221236737,0.18520942219376665,0.016068438107168175
0.316743017152577,0.18068477321462253,0.007477645530865603
0.3248675423625072,0.1865875862933129,0.01876739268554866
0.3427061249473272,0.19954807517991696,0.0462700009090878
0.3673936941810495,0.21748464414027752,0.09247921980467284
0.3901423281520111,0.23401249417297032,0.1487636317793084
0.4068922763716806,0.24618204389513915,0.20817698465335263
0.41736948217414915,0.25379417948393923,0.2697471783826294
0.4214025212629,0.2567243538976402,0.33246682346382744
0.4214360224142639,0.25674869390858845,0.34400179673849013
0.42143602241426414,0.25674869390858757,0.3440017564116741
0.4132047645134169,0.26945868601141093,0.35407359695926394
0.3925540173930578,0.29809873443598467,0.36413948462868684
0.35806016462683066,0.33788730376194065,0.3741952478130804
0.3564589037266824,0.3361089233660592,0.3992626987814492
0.35142294971357757,0.33051592981380556,0.44394881100963623
0.3401931241003081,0.31804394494677074,0.503281691145141
0.3237065334826282,0.2997337310783586,0.5611741224592116
0.3024099329005975,0.27608145994718014,0.6154477816282933
0.2766517697209939,0.2474741215595624,0.665214662439457
0.24685348980318078,0.21437977896125907,0.709660496976382
0.2135026419526071,0.17733990995721133,0.7480580783799736
0.177144900821529,0.13696054764525703,0.7797791591470945
0.13837513877539773,0.09390236471920606,0.8043047302916883
0.09782769280383836,0.04886986377836639,0.821233513184341
0.05616598572554668,0.002599850507812365,0.8302885251298258
0.014071671501234237,-0.04415062167290284,0.831321611258996
-0.0016265799707372308,-0.061585296229039146,0.8296415124870788
0.008451550384734366,-0.050392398519732345,0.830849663851088
0.03202878642636435,-0.02420722510683555,0.8318662237870001
0.06900823341196,0.016862611506934917,0.8283622949739341
0.11040035137136915,0.06283321572826096,0.8168731118489376
0.1504724988770619,0.10733784424469275,0.7975815010959864
0.1885690297733177,0.14964832823037869,0.7708031051552925
0.22406662223724824,0.18907239866804104,0.7369760625705223
0.2563844773476881,0.2249650130072192,0.6966538393225669
0.2849938219095742,0.256738909119952,0.6504961732169987
0.30942656005199276,0.28387421387384276,0.599258279489908
0.3292829320455417,0.3059269491104699,0.5437784942461346
0.34423805502816807,0.32253629585735977,0.4849645579035407
0.35404723862246135,0.33343049791907586,0.42377876306871465
0.35854998847217173,0.33843130825498147,0.361222209849242
0.3588455791215267,0.33875959492988134,0.3440017960190877
0.35877254028654787,0.33867847708608867,0.3288922937426103
0.35739527170813434,0.3371488653675606,0.2937021504902407
0.35183663636191737,0.33097537538814026,0.23895292135518995
0.34057056574250105,0.3184631363668822,0.17833011427465628
0.3242185618838437,0.3003023962404649,0.12035249187890318
0.30304817042905474,0.2767902945483885,0.06596866330454969
0.27740577375701975,0.24831152789553632,0.016068437318046403
0.2722549450909221,0.2425909531246218,0.007477644758422507
0.27897466610044774,0.25005395936649527,0.018767391891345415
0.2937287957372992,0.26644008038586486,0.04627000006705946
0.31414766003723027,0.2891175266147399,0.09247921889631477
0.3329628486105558,0.3100139105116492,0.14876363080959085
0.3468165786999336,0.32540003652439564,0.2081769836381417
0.35548218052532016,0.33502416235855487,0.2697471773385356
0.3588178706069575,0.33872882150713907,0.3324668224079339
0.35884557912152754,0.3387595949298796,0.34400179568230616
0.358845579121528,0.3387595949298789,0.3440017553554898
0.34815163802038696,0.3494804684793895,0.3540735959033011
0.32199755838972205,0.37320113139876226,0.36413948357338827
0.2799849703495164,0.4049485497913647,0.37419524675888877
0.2787884469438454,0.40287611045940025,0.39926269773195827
0.2750253894027432,0.39635830360480684,0.44394880997552416
0.26663403394786894,0.38182404961046895,0.5032816901460277
0.2543146224778892,0.3604862030230408,0.5611741215119906
0.23840098745589872,0.332922978629897,0.6154477807484626
0.21915350209019044,0.2995853560567619,0.6652146616414123
0.19688708685680822,0.26101879356851687,0.7096604962731803
0.17196605688328984,0.2178543034760493,0.748058077783121
0.1447981611547765,0.17079812773838127,0.7797791586663558
0.1158279110708648,0.12062018268417622,0.8043047299349294
0.08552930750896662,0.06814146191595857,0.8212335129573991
0.05439808539136739,0.014220603506223055,0.8302885250364143
0.022943602647601105,-0.04026015873183389,0.831321611300643
0.011213268298801161,-0.060577693827682445,0.8296415125791293
0.018744033039161508,-0.047534026663558604,0.8308496639107779
0.036361846227368384,-0.01701907910335316,0.8318662237710149
0.06399430439656897,0.030841742383864796,0.8283622948393464
0.09492407920341074,0.08441368381640685,0.8168731115817274
0.12486752155705318,0.13627724732713192,0.7975815007005258
0.15333470755547898,0.18558385982589204,0.7708031046380518
0.17985986727550649,0.231526784141083,0.7369760619399642
0.2040090055338063,0.2733543185649185,0.6966538385890084
0.2253870027609878,0.31038209592812516,0.6504961723924423
0.243644079806788,0.342004280970992,0.5992582785878444
0.25848152090153065,0.3677034828033876,0.5437784932813229
0.26965656113680414,0.3870592202696159,0.48496455689176776
0.27698635849814124,0.3997548017108267,0.42377876202653436
0.2803509854607243,0.40558250656077394,0.36122220879370587
0.28057186208904716,0.40596507610384935,0.34400179496290395
0.2805172846596904,0.40587054522379634,0.32889229268692516
0.27948813682508117,0.4040880088870106,0.29370214943959005
0.27533451167898726,0.3968937191003343,0.23895292032333304
0.26691607243879645,0.38231255461805375,0.17833011328001036
0.25469722922141563,0.36114889735789657,0.12035249093774242
0.23887790237268763,0.33374901951629543,0.065968662432273
0.21971692206483368,0.30056122810203784,0.016068436528925735
0.21586802572721386,0.29389474410211036,0.0074776439859803555
0.22088925847598337,0.3025917743296157,0.018767391097143156
0.23191410888343741,0.3216873753801958,0.04626999922503209
0.24717186586859297,0.3481145856863813,0.09247921798795788
0.2612312949811426,0.3724662312327268,0.14876362983987423
0.2715833324184405,0.3903964860338643,0.20817698262293163
0.2780586018440217,0.40161198166947115,0.26974717629444267
0.2805511572139726,0.40592921420866473,0.332466821352041
0.2805718620890484,0.4059650761038479,0.3440017946261225
0.280571862089049,0.40596507610384724,0.34400175429930663
0.26788261432209165,0.41422827748728264,0.3540735948473392
0.2373682609545197,0.4319928481123034,0.36413948251809064
0.18967308932762736,0.454311601049659,0.37419524570469803
0.18893359721141986,0.45203567833628533,0.3992626966824677
0.18660789977942016,0.444877917634781,0.4439488089414124
0.1814217569365268,0.4289166111823297,0.5032816891469146
0.17380794196566107,0.40548369818803864,0.5611741205647699
0.16397277467409874,0.37521416572627864,0.6154477798686321
0.15207717455372588,0.33860327306809124,0.6652146608433678
0.13831577316194102,0.2962500345535433,0.7096604955699787
0.12291372962968664,0.24884741873322314,0.7480580771862679
0.10612304668823207,0.19717101026451914,0.779779158185617
0.08821844749056185,0.1420663200726826,0.8043047295781706
0.06949288068933929,0.08443495140327706,0.8212335127304574
0.05025272731575586,0.02521984811211951,0.8302885249430026
0.03081278788259792,-0.03461013344508422,0.8313216113422898
0.02356304255755286,-0.056922555303270964,0.8296415126711798
0.028217311126190282,-0.04259818952937696,0.8308496639704673
0.03910571848443791,-0.009087117456882272,0.8318662237550295
0.056183516823060914,0.04347294134132472,0.8283622947047589
0.07529916891002308,0.10230486907243075,0.8168731113145175
0.09380523401147675,0.1592606809742115,0.797581500305065
0.11139892250429137,0.2134084864083116,0.770803104120811
0.12779237274530225,0.2638623383345532,0.7369760613094061
0.1427173609606344,0.3097967288597693,0.6966538378554499
0.15592968982723102,0.3504600959029278,0.6504961715678859
0.167213183942184,0.38518711998531197,0.5992582776857807
0.17638322680742358,0.41340960995007275,0.5437784923165118
0.18328978145888733,0.43466579950289497,0.48496455587999454
0.18781984531771068,0.4486079024670929,0.42377876098435363
0.18989929909804265,0.45500780313675754,0.3612222077381695
0.19003580835011039,0.45542793541551435,0.3440017939067198
0.1900020776336123,0.4553241229455242,0.32889229163123934
0.1893660292687762,0.45336656736625447,0.2937021483889387
0.18679894771527558,0.44546590273362097,0.23895291929147572
0.1815960660920293,0.4294530796193815,0.17833011228536405
0.17404440564171553,0.4062114585764542,0.12035248999658099
0.16426752393374214,0.37612131070204413,0.06596866155999567
0.15242538681245005,0.33967496024173877,0.016068435739804304
0.15004663804890994,0.33235392434912747,0.007477643213537607
0.15314993056258772,0.34190487661334523,0.01876739030294
0.1599636628536098,0.3628753883105627,0.04626999838300394
0.16939347529335927,0.3918973668123722,0.09247921707960005
0.17808268038494496,0.4186399902706428,0.1487636288701569
0.18448059141375645,0.4383307357129017,0.20817698160772063
0.1884825280463181,0.4506474302002007,0.26974717525034886
0.1900230120258431,0.4553885523796422,0.33246682029614727
0.1900358083501119,0.45542793541551335,0.34400179356993854
0.1900358083501127,0.4554279354155128,0.3440017532431226
0.17590583492659767,0.4608723230854331,0.35407359379137654
0.14236483147990572,0.47190440443901804,0.3641394814627923
0.09107158412401341,0.48381905532148606,0.3741952446505067
0.0908214426299221,0.4814391179772877,0.3992626956329766
0.09003474940674054,0.47395423193062125,0.4439488079073005
0.0882804784534386,0.45726345871928253,0.5032816881478014
0.08570502018172224,0.4327596100755987,0.5611741196175487
0.08237816457929177,0.40110669337818,0.6154477789888013
0.07835434446841158,0.3628226023364738,0.6652146600453228
0.0736993961555267,0.31853372756445847,0.7096604948667773
0.0684894822411509,0.26896470780132725,0.7480580765894153
0.06280984547462129,0.21492657363146345,0.7797791577048786
0.05675341404270362,0.15730347769191583,0.8043047292214119
0.05041928111181517,0.09703822848297133,0.8212335125035156
0.043911083501053,0.03511686447244457,0.830288524849591
0.0373353060135994,-0.027447479113325533,0.8313216113839368
0.034882998372416006,-0.05077962783217967,0.8296415127632303
0.03645735689830076,-0.035800606968468325,0.830849664030157
0.04014048277603859,-0.0007580050370157779,0.8318662237390444
0.045917239551675045,0.05420416429046324,0.8283622945701716
0.052383323205665064,0.11572484076806452,0.8168731110473074
0.05864320722483887,0.17528365877102775,0.7975814999096047
0.06459446962415451,0.23190613820548336,0.7708031036035704
0.07013973797520556,0.28466584229970404,0.736976060678848
0.07518828257909381,0.33269953563145477,0.6966538371218918
0.07965750095333729,0.3752213080774641,0.6504961707433294
0.08347426934416845,0.41153543359399686,0.5992582767837175
0.08657613915126185,0.44104775343775676,0.5437784913517009
0.0889123586894169,0.46327539757892344,0.4849645548682217
0.09044470356949483,0.47785468524802616,0.4237787599421733
0.09114810211221515,0.48454707535073843,0.36122220668263316
0.091194277893294,0.4849864085638246,0.34400179285053617
0.09118286809665294,0.4848778516028147,0.32889229057555397
0.09096771759709918,0.4828308313435641,0.29370214733828764
0.0900993734647367,0.4745690888059281,0.23895291825961812
0.08833944040292806,0.45782444425118407,0.17833011129071774
0.08578500656731,0.43352062977479267,0.12035248905541984
0.08247786669137443,0.40205529570330106,0.06596866068771864
0.07847213101583089,0.36394326658737447,0.01606843495068308
0.07766749256908191,0.35628764319846135,0.007477642441094907
0.07871721606405328,0.3662750950579836,0.0187673895087374
0.08102203741840933,0.38820400542052935,0.046269997540976
0.08421177722084772,0.4185523524072103,0.09247921617124245
0.0871509982859357,0.4465171728224013,0.14876362790043973
0.0893151634434109,0.4671078288596208,0.20817698059251016
0.0906688633964949,0.47998742356441765,0.26974717420625544
0.09118994939040258,0.48494522561173065,0.332466819240254
0.09119427789329566,0.4849864085638237,0.34400179251375473
0.09119427789329652,0.48498640856382336,0.3440017521869386
0.0762411264463316,0.48737403665649764,0.35407359273541433
0.041139375709783974,0.49119147384696077,0.3641394804074945
-0.011510186342583863,0.49218129525717774,0.37419524359631584
-0.011260044853231175,0.4898013579666441,0.399262694583486
-0.010473351638502227,0.482316472015699,0.44394880687318916
-0.00871908069643366,0.465625698931574,0.5032816871486887
-0.006143622435690793,0.4411218504121598,0.5611741186703284
-0.0028167668435612157,0.40946893383139416,0.6154477781089711
0.0012070532578590239,0.37118484289681697,0.6652146592472785
0.005862001562279718,0.3268959682206531,0.7096604941635759
0.011071915469325871,0.27732694854052775,0.7480580759925625
0.016751552229780038,0.22328881443946577,0.77977915722414
0.022807983656975887,0.16566571855339077,0.8043047288646531
0.029142116584573486,0.10540046938171435,0.821233512276574
0.03565031419352955,0.04347910539164145,0.8302885247561794
0.042226091680691386,-0.019085238190823525,0.8313216114255837
0.04467839933608927,-0.04241738691139881,0.8296415128552806
0.04310404079606589,-0.0274383660468297,0.8308496640898466
0.03942091491818997,0.0076042358861840055,0.8318662237230591
0.033644158143300726,0.06256640520520558,0.828362294435584
0.027178074491576328,0.12408708165715289,0.8168731107800973
0.020918190476138996,0.18364589961780597,0.7975814995141443
0.01496692808196955,0.24026837899398765,0.7708031030863298
0.009421659737390162,0.2930280830149239,0.7369760600482905
0.004373115141193255,0.34106177625957856,0.6966538363883339
-9.610322426511857e-05,0.3835835486061054,0.6504961699187733
-0.003912871605361118,0.4198976740123971,0.5992582758816545
-0.007014741401928582,0.44940999373696106,0.54377849038689
-0.009350960928939172,0.4716376377519271,0.48496455385644915
-0.010883305797436474,0.4862169252898892,0.42377875889999306
-0.011586704328329355,0.49290931525866666,0.36122220562709734
-0.011632880106154448,0.4933486484349081,0.3440017917943524
-0.01162147030665912,0.4932400914415785,0.32889228951986854
-0.01140631980046096,0.49119307110708693,0.2937021462876367
-0.01053797565776894,0.48293132845247894,0.23895291722776113
-0.008778042584534447,0.46618668376834677,0.17833011029607168
-0.006223608738001863,0.44188286916835806,0.12035248811425887
-0.00291646885184177,0.41041753498108213,0.0659686598154415
0.0010892668330691642,0.37230550575907867,0.016068434161561906
0.001893905271890491,0.36464988235092005,0.00747764166865233
0.0008441817843408952,0.37463733423542034,0.018767388714534494
-0.0014606395751761655,0.39656624465641466,0.04626999669894798
-0.004650379386296253,0.42691459174141266,0.09247921526288495
-0.007589600461972743,0.45487941227651474,0.14876362693072262
-0.009753765630638966,0.4754700684404682,0.20817697957729994
-0.011107465595333365,0.4883496632767473,0.26974717316216196
-0.011628551601080898,0.4933074654581402,0.3324668181843608
-0.01163288010615267,0.49334864843490756,0.34400179145757104
-0.011632880106151714,0.49334864843490733,0.3440017511307547
-0.026755685114122046,0.4925751661462401,0.3540735916794519
-0.061884068205465256,0.48901111884963866,0.3641394793521963
-0.11358890646082648,0.47903285083942787,0.3741952425421246
-0.11284941439370254,0.47675692828002014,0.3992626935339951
-0.11052371704925316,0.46959916785314393,0.44394880583907687
-0.1053375743227147,0.4536378617656746,0.503281686149575
-0.09772375946551082,0.43020494912791724,0.5611741177231068
-0.08788859228064422,0.3999354170008408,0.6154477772291402
-0.0759929922582556,0.3633245246500101,0.6652146584492334
-0.06223159095414042,0.32097128641046396,0.7096604934603741
-0.04682954749780628,0.2735686708282908,0.7480580753957093
-0.030038864619280764,0.22189226255698244,0.7797791567434011
-0.012134265470518532,0.16678757251856052,0.8043047285078941
0.0065913012966172775,0.10915620395607852,0.821233512049632
0.02583145465149277,0.049941100723604,0.8302885246627678
0.04527139408162789,-0.009888880824117291,0.8313216114672306
0.052521139422910756,-0.03220130268711423,0.8296415129473312
0.04786687083882475,-0.01787693691088716,0.8308496641495362
0.03697846347914903,0.015634135166086506,0.8318662237070739
0.019900665148261904,0.06819419394002864,0.8283622943009965
0.000785013084764169,0.12702612159753263,0.8168731105128872
-0.017721051977990704,0.18398193337792407,0.7975814991186835
-0.03531474041750524,0.2381297386448335,0.7708031025690888
-0.05170819059148685,0.28858359036081893,0.736976059417732
-0.06663317872715714,0.33451798063615346,0.6966538356547751
-0.07984550750276274,0.37518134739389297,0.6504961690942163
-0.09112900151688452,0.40990837115999124,0.5992582749795904
-0.10029904427310228,0.438130860782774,0.5437784894220785
-0.10720559880913744,0.4593870499735213,0.48496455284467554
-0.11173566254801394,0.4733291525614714,0.423778757857812
-0.11381511620584336,0.47972905284687184,0.3612222045715604
-0.11395162542421136,0.4801491850199198,0.3440017907381679
-0.11391789467815212,0.4800453724572036,0.32889228846418245
-0.11328184624449714,0.4780878166620641,0.29370214523698496
-0.11071476458400888,0.47018715169383335,0.23895291619590317
-0.10551188284241877,0.45417432820837444,0.1783301093014246
-0.09796022227905767,0.4309327068108417,0.12035248717309698
-0.0881833404651831,0.40084255860424217,0.06596865894316375
-0.07634120324686856,0.36439620783959803,0.016068433372440155
-0.07396245447576447,0.35707517189168314,0.0074776408962092845
-0.07706574700224919,0.36662612422765184,0.01876738792033124
-0.0838794793467302,0.38759663609255995,0.046269995856919564
-0.09330929187640434,0.416618614876445,0.09247921435452681
-0.10199849707766548,0.44336123867874583,0.14876362596100465
-0.10839640822239241,0.46305198448460827,0.20817697856208822
-0.1123983449752129,0.4753686793491351,0.26974717211806726
-0.11393882907737263,0.4801098019132571,0.33246681712846643
-0.11395162542420942,0.48014918501991977,0.34400179040138607
-0.11395162542420843,0.4801491850199196,0.34400175007457007
-0.12858314485597788,0.4762483972362912,0.3540735906234885
-0.16220288140502914,0.46545863141919913,0.3641394782968975
-0.21070324633233087,0.4449483721770142,0.3741952414879326
-0.20950672306054827,0.44287593307874495,0.3992626924845033
-0.2057436657582621,0.43635812664099183,0.44394880480496435
-0.1973523106207756,0.4218238732006364,0.5032816851504612
-0.18503289946083712,0.40048602715436826,0.5611741167758852
-0.1691192647298867,0.3729228032692186,0.6154477763493089
-0.14987177963145562,0.33958518116260106,0.6652146576511883
-0.12760536463721436,0.3010186190917633,0.709660492757172
-0.10268433487078811,0.25785412936076363,0.7480580747988561
-0.07551643931392965,0.21079795392270975,0.7797791562626621
-0.046546189363426985,0.16062000910136295,0.804304728151135
-0.016247585894509392,0.10814128849543789,0.8212335118226901
0.014883636172059204,0.054220430174773605,0.830288524569356
0.04633811890757969,-0.00026033204889054824,0.8313216115088774
0.058068453276460257,-0.020577867151606297,0.8296415130393814
0.05053768851817294,-0.007534199984375062,0.8308496642092256
0.032919875326070866,0.022980747582628736,0.8318662236910886
0.00528741717797131,0.07084156903301675,0.828362294166409
-0.025642357564865843,0.12441351035384288,0.816873110245677
-0.05558579981294795,0.17627707368031886,0.7975814987232225
-0.08405298566598471,0.22558368592531117,0.7708031020518478
-0.11057814520317329,0.2715266099213677,0.7369760587871736
-0.13472728324417582,0.3133541439659237,0.6966538349212164
-0.15610528022315726,0.3503819208959115,0.6504961682696597
-0.1743623569939153,0.38200410545870844,0.5992582740775266
-0.18919979779127372,0.40770330677203726,0.5437784884572671
-0.20037483771168696,0.4270590436886952,0.4849645518329025
-0.2077046347458392,0.43975462455882386,0.4237787568156312
-0.21106926137426613,0.4455823288255211,0.361222203516024
-0.2112901379106647,0.44596489820814783,0.34400178968198414
-0.21123556040067296,0.44587036718735196,0.3288922874084972
-0.21020641237834364,0.44408783052291184,0.2937021441863342
-0.2060527869404143,0.43689354022685356,0.23895291516404626
-0.19763434737741142,0.4223123751811232,0.17833010830677898
-0.18541550385166586,0.4011487173827332,0.12035248623193621
-0.169596176714066,0.37374883903692285,0.06596865807088706
-0.15043519614155945,0.3405610471607294,0.01606843258331938
-0.1465862997667312,0.3338945630765633,0.007477640123767159
-0.1516075325670112,0.34259159341327183,0.018767387126128902
-0.16263238312028844,0.3616871947183784,0.046269995014892026
-0.17789014035073647,0.38811440545270864,0.09247921344616974
-0.19194956976245386,0.4124660515212349,0.1487636249912881
-0.20230160751594078,0.4303963068742628,0.20817697754687814
-0.20877687726955854,0.44161180308243975,0.2697471710739742
-0.21126943297402695,0.445929036205515,0.3324668160725735
-0.2112901379106629,0.44596489820814805,0.3440017893452029
-0.2112901379106619,0.44596489820814816,0.3440017490183866
-0.22479090416570646,0.4391072880707186,0.3540735895675268
-0.2554326503678597,0.42156336827014773,0.3641394772416
-0.2986088432961146,0.39141751453780865,0.3741952404337421
-0.2970075826476037,0.38963913442273923,0.399262691435013
-0.2919716290833429,0.38404614137136756,0.4439488037708529
-0.28074180406658916,0.37157415717000725,0.5032816841513483
-0.26425521403161795,0.35326394395186145,0.5611741158286648
-0.24295861399658406,0.3296116734310974,0.6154477754694789
-0.21720045131931567,0.30100433560405443,0.665214656853144
-0.18740217185095723,0.2679099935073146,0.7096604920539706
-0.1540513243896039,0.23087012493761258,0.7480580742020034
-0.11769358358114351,0.19049076298567955,0.7797791557819236
-0.07892382178574855,0.1474325803394349,0.8043047277943762
-0.03837637598894191,0.1024000795936085,0.8212335115957482
0.0032853309934399305,0.05613006643008394,0.8302885244759441
0.04537964520225473,0.009379594266663351,0.8313216115505243
0.06107789669957489,-0.00805508029676751,0.8296415131314319
0.05099976632280263,0.003137817415315934,0.830849664268915
0.027422530273852046,0.02932299083638171,0.8318662236751031
-0.009556916672085485,0.07039282740589672,0.8283622940318214
-0.05094903451120126,0.11636343149298317,0.816873109978467
-0.0910211818184983,0.16086805978801816,0.7975814983277619
-0.12911771244150233,0.20317854346877265,0.7708031015346068
-0.1646153045617957,0.24260261352295778,0.736976058156616
-0.19693315926383556,0.27849522740638766,0.6966538341876582
-0.22554250335924092,0.3102691229985577,0.6504961674451036
-0.2499752409847306,0.3374044271755885,0.5992582731754638
-0.2698316124193598,0.3594571617884966,0.5437784874924563
-0.284786734810221,0.37606650787501406,0.48496455082112994
-0.29459591778958527,0.3869607092505087,0.42377875577345114
-0.2990986670112648,0.39196151888557146,0.3612222024604882
-0.29939425748785214,0.3922898053676738,0.34400178862580066
-0.2993212185013241,0.39220868735476216,0.3288922863528119
-0.2979439495700994,0.3906790752425194,0.2937021431356835
-0.2923853136753912,0.38450558465101764,0.23895291413218936
-0.2811192424492644,0.371993344952709,0.17833010731213295
-0.2647672380110498,0.3538326041795426,0.12035248529077551
-0.24359684601333967,0.3303205018816004,0.0659686571986102
-0.2179544488439022,0.30184173467367864,0.016068431794198375
-0.2128036200993896,0.2961211598008863,0.007477639351324731
-0.21952334121421077,0.30358416617463524,0.018767386331926254
-0.2342774711251304,0.31997028749984807,0.04626999417286412
-0.2546963358860777,0.3426477342431884,0.09247921253781222
-0.2735115250216756,0.36354411876755904,0.14876362402157092
-0.2873652557053164,0.378930245443466,0.20817697653166767
-0.2960308581472332,0.38855437196563447,0.2697471700298808
-0.29936654885758074,0.39225903181582,0.33246681501668
-0.29939425748785037,0.39228980536767444,0.344001788289019
-0.29939425748784954,0.39228980536767477,0.34400174796220295
-0.31117422230460734,0.38277508334117977,0.3540735885115642
-0.3374987868223432,0.3592437630316797,0.3641394761863017
-0.37346380094369297,0.3207798332656382,0.37419523937955085
-0.37152778570914025,0.31937323586342353,0.39926269038552215
-0.3654390312485397,0.31494949680620327,0.44394880273674153
-0.35186153363188893,0.30508486736512874,0.5032816831522358
-0.3319283078563947,0.29060253112018286,0.5611741148814443
-0.30617950616741635,0.27189493164916856,0.6154477745896487
-0.2750364212549143,0.2492681560080599,0.6652146560550993
-0.2390086051429459,0.22309241541254812,0.7096604913507694
-0.19868553208159467,0.19379598797446634,0.7480580736051506
-0.15472695377999957,0.16185821136841438,0.779779155301185
-0.10785210478471476,0.1278016400800629,0.8043047274376176
-0.058827934621131193,0.09218349555643286,0.8212335113688064
-0.008456559239460862,0.05558654914773841,0.8302885243825326
0.04243786291976776,0.018609587010834677,0.8313216115921709
0.06141794262751448,0.004819751926850888,0.8296415132234819
0.04923290928923699,0.013672696843637738,0.8308496643286045
0.020726688734423574,0.03438367838942618,0.8318662236591178
-0.023983567728117255,0.06686758114740143,0.8283622938972337
-0.0740289944845669,0.10322771201787465,0.8168731097112568
-0.12247850171312968,0.13842833947989186,0.7975814979323014
-0.1685393758923642,0.17189352344760817,0.7708031010173662
-0.21145798546102898,0.20307571854134435,0.736976057526058
-0.2505321114683394,0.23146473282939642,0.6966538334541004
-0.2851224370294781,0.2565960754060874,0.6504961666205477
-0.31466300759998844,0.2780585562259687,0.5992582722734009
-0.3386704909217821,0.29550101384840055,0.5437784865276456
-0.35675208513282664,0.308638061015557,0.48496454980935744
-0.3686119456508461,0.3172547540567558,0.4237787547312709
-0.37405602567665935,0.321210109719991,0.3612222014049523
-0.3744134113597796,0.3214697656172978,0.3440017875696171
-0.37432510304088185,0.3214056058677083,0.32889228529712683
-0.3726599064385876,0.32019576971787467,0.29370214208503276
-0.36593919911271194,0.31531289002614127,0.23895291310033262
-0.3523178775565176,0.30541642062659413,0.17833010631748725
-0.33254737322706995,0.29105230842986024,0.12035248434961487
-0.30695116405044715,0.27245557390612746,0.06596865632633374
-0.2759480460533544,0.2499304901793759,0.016068431005077686
-0.26972040086605253,0.24540584109535718,0.007477638578882543
-0.27784492624533436,0.2513086543094397,0.018767385537723853
-0.29568350925674847,0.26426914350718966,0.04626999333083675
-0.3203710792080532,0.2822057129909352,0.09247921162945513
-0.34311971405420544,0.29873356366196757,0.1487636230518542
-0.35986966319885905,0.31090311405879417,0.20817697551645734
-0.3703468699609716,0.31851525034753203,0.2697471689857877
-0.3743799100283248,0.32144542547499827,0.3324668139607869
-0.37441341135977796,0.3214697656172987,0.3440017872328354
-0.37441341135977724,0.3214697656172992,0.34400174690601926
-0.3839577337557084,0.30971377070477857,0.3540735874556022
-0.4048146068058961,0.28122348149256043,0.36413947513100436
-0.43199659842773885,0.23612253398552502,0.3741952383253602
-0.42981044177609173,0.23514919433412454,0.3992626893360319
-0.4229349942296486,0.2320880478629892,0.4439488017026299
-0.40760322584222,0.22526190478156277,0.5032816821531226
-0.3850945419733087,0.21524039305571854,0.5611741139342236
-0.3560188848492722,0.20229507646096867,0.6154477737098183
-0.3208519799795964,0.18663776164045237,0.6652146552570548
-0.2801692156922692,0.16852462798296516,0.7096604906475679
-0.23463622883563717,0.1482520361073752,0.7480580730082979
-0.1849980138662284,0.1261516789161121,0.779779154820446
-0.1320667335157473,0.10258515455445898,0.8043047270808584
-0.07670843047474686,0.07793805007094373,0.8212335111418646
-0.019828857511661215,0.05261363257986532,0.8302885242891207
0.03764134213027893,0.0270262511488956,0.8313216116338177
0.05907372948947793,0.017483937509574932,0.8296415133155323
0.04531433761628533,0.023610013456274552,0.8308496643882939
0.013124991181494067,0.037941633850391794,0.8318662236431322
-0.037362022044548374,0.0604199003741001,0.828362293762646
-0.09387353241818006,0.08558044584231732,0.8168731094440467
-0.1485829236052108,0.10993863615416259,0.7975814975368408
-0.20059506010015016,0.13309593130535977,0.7708031005001257
-0.24905893791471848,0.15467343990902346,0.7369760568954999
-0.29318160840095314,0.17431811848111514,0.6966538327205423
-0.33224115219359973,0.1917085478117566,0.6504961657959913
-0.36559849099676905,0.20656019191147543,0.5992582713713376
-0.39270784395463565,0.21863005348738146,0.5437784855628348
-0.41312565752276464,0.22772064977804052,0.4849645487975849
-0.42651786273270353,0.23368324369584467,0.42377875368909107
-0.4326653411090698,0.23642027741009233,0.36122220034941643
-0.4330689025204048,0.23659995452636545,0.34400178651343344
-0.4329691843584944,0.2365555571399413,0.32889228424144173
-0.43108883714869173,0.23571837262310946,0.2937021410343821
-0.4234997855226242,0.23233950914382734,0.23895291206847558
-0.40811853071897725,0.2254913332880211,0.1783301053228415
-0.3857935923765764,0.21555163033910976,0.120352483408454
-0.35689024315789286,0.20268303016440326,0.06596865545405686
-0.3218813893330595,0.1870960842008441,0.01606843021595686
-0.3148491056767349,0.18396510978840586,0.007477637806440354
-0.3240233545814869,0.18804974857243067,0.018767384743521486
-0.3441667590311174,0.19701817005371225,0.04626999248880923
-0.37204406892592423,0.20942994808901486,0.09247921072109812
-0.3977319250092104,0.2208669184824678,0.14876362208213756
-0.41664603949317414,0.22928802480909707,0.20817697450124734
-0.4284769463970189,0.23455548393710596,0.26974716794169473
-0.4330310726506549,0.23658311158296755,0.3324668129048943
-0.43306890252040353,0.2365999545263668,0.3440017861766522
-0.43306890252040287,0.2365999545263674,0.34400174584983595
-0.43996044981312565,0.22311648010958554,0.3540735863996403
-0.4544380859650588,0.19091238433667987,0.3641394740757064
-0.47164907162179304,0.141145546903984,0.3741952372711695
-0.46930831909818244,0.1406480045963034,0.39926268828654143
-0.4619466685319843,0.13908323746455367,0.44394880066851844
-0.4455307012438921,0.13559391590239578,0.50328168115401
-0.42143029679638067,0.13047121679923723,0.5611741129870031
-0.3902985299938921,0.12385395548998367,0.615447772829988
-0.35264476767756603,0.11585040123900017,0.6652146544590104
-0.3090850872480705,0.10659150534028043,0.7096604899443667
-0.26033219662739626,0.0962287585391843,0.7480580724114452
-0.20718377318659933,0.08493171239501376,0.7797791543397077
-0.1505094124337788,0.07288520513900466,0.8043047267240998
-0.09123640000319003,0.06028633741725266,0.8212335109149226
-0.03033453973912146,0.04734124740038892,0.830288524195709
0.03119971388800196,0.034261738024504884,0.8313216116754643
0.054147710727592176,0.029383990726201358,0.8296415134075823
0.039415311768836295,0.03251545878688364,0.8308496644479831
0.0049496683546239525,0.03984135744676683,0.8318662236271468
-0.04910757689193801,0.05133157962965704,0.8283622936280585
-0.10961534670275606,0.06419290313474663,0.8168731091768366
-0.16819355892141305,0.0766440865123599,0.7975814971413802
-0.22388377777541396,0.08848140795011976,0.770803099982885
-0.27577481980746055,0.09951118942530035,0.7369760562649422
-0.3230176623335222,0.10955296559541455,0.696653831986984
-0.364839334848563,0.11844243650765184,0.6504961649714354
-0.4005555660937075,0.12603415581598973,0.5992582704692748
-0.42958197985804464,0.13220391052233074,0.5437784845980244
-0.4514436563333666,0.13685075330518992,0.48496454778581255
-0.4657829025823572,0.1398986541836953,0.42377875264691106
-0.4723651049826177,0.1412977444929671,0.3612221992938809
-0.47279720454573454,0.1413895900900878,0.34400178545725046
-0.4726904346975009,0.14136689545798134,0.328892283185757
-0.4706771170633921,0.14093895158348313,0.2937021399837317
-0.46255139908964377,0.13921177690888412,0.2389529110366191
-0.44608244565894806,0.1357111927922469,0.17833010432819596
-0.4221787802151142,0.1306303118531396,0.12035248246729369
-0.3912315059892274,0.12405226564963717,0.06596865458178049
-0.35374697122190935,0.11608468182278997,0.016068429426836332
-0.34621739363388776,0.11448422069479387,0.007477637033998546
-0.3560404073681115,0.11657216672448552,0.01876738394931935
-0.3776082698326533,0.12115655741301967,0.04626999164678204
-0.4074569474750753,0.12750108970392945,0.09247920981274137
-0.4349613422410034,0.13334732928721427,0.14876362111242125
-0.45521298452285175,0.13765194873989756,0.2081769734860377
-0.467880524188062,0.14034451741707624,0.2697471668976019
-0.47275669948033694,0.14138098047244763,0.3324668118490015
-0.47279720454573343,0.14138959009008936,0.34400178512046886
